1000
1005
1005
1018
1022
1033
1033
1041
1047
1048
1052
1055
1060
1063
1083
1083
1088
1088
1098
1098
1102
1107
1119
1125
1128
1140
1147
1158
1162
1183
1190
1200
1210
1210
1257
1264
1264
1273
1273
1280
1280
1285
1286
1292
1298
1298
1303
1306
1316
1325
1328
1328
1337
1345
1357
1357
1362
1366
1368
1368
1368
1373
1373
1377
1385
1402
1407
1414
1414
1414
1414
1416
1421
1421
1442
1447
1460
1460
1470
1470
1476
1481
1481
1486
1491
1491
1491
1491
1492
1496
1507
1509
1518
1540
1547
1549
1568
1572
1582
1582
1582
1587
1587
1591
1591
1598
1607
1610
1610
1617
1626
1645
1669
1674
1684
1695
1700
1703
1708
1731
1731
1736
1741
1746
1785
1796
1796
1802
1802
1814
1815
1819
1819
1839
1839
1844
1846
1846
1855
1856
1856
1863
1863
1863
1863
1875
1879
1879
1900
1905
1908
1908
1908
1916
1923
1927
1934
1936
1939
1942
1954
1960
1963
1967
1969
1981
1987
1992
2008
2008
2028
2031
2032
2058
2062
2067
2068
2068
2071
2086
2086
2086
2090
2090
2091
2091
2096
2096
2099
2099
2118
2121
2121
2132
2132
2152
2175
2179
2197
2198
2203
2208
2213
2224
