1000
1002
1002
1005
1006
1007
1012
1016
1016
1018
1022
1026
1029
1033
1033
1038
1041
1045
1047
1048
1052
1055
1057
1060
1063
1068
1071
1072
1077
1079
1083
1085
1088
1088
1093
1095
1096
1097
1097
1098
1099
1099
1102
1107
1110
1115
1118
1119
1120
1125
1128
1131
1131
1132
1137
1140
1142
1147
1151
1151
1152
1155
1155
1158
1161
1162
1167
1169
1170
1174
1178
1183
1187
1190
1191
1194
1196
1200
1205
1205
1205
1210
1214
1219
1220
1221
1225
1225
1229
1234
1235
1240
1241
1242
1242
1247
1247
1252
1252
1256
1256
1256
1256
1257
1262
1263
1264
1269
1270
1272
1273
1273
1276
1277
1280
1285
1286
1291
1292
1293
1298
1303
1306
1309
1310
1313
1316
1318
1319
1322
1325
1328
1328
1329
1334
1337
1342
1345
1349
1352
1354
1357
1357
1362
1366
1368
1370
1373
1373
1376
1377
1378
1380
1385
1386
1387
1389
1391
1396
1398
1402
1407
1409
1414
1414
1416
1421
1422
1423
1427
1432
1437
1440
1442
1443
1446
1447
1450
1453
1453
1456
1460
1463
1468
1470
1471
1474
1476
1481
1481
1482
1483
1486
1491
1491
1492
1495
1496
1498
1500
1502
1507
1508
1509
1512
1517
1518
1522
1524
1524
1529
1534
1536
1540
1543
1546
1547
1549
1554
1554
1558
1558
1563
1568
1570
1572
1577
1582
1583
1586
1587
1591
1595
1598
1603
1603
1607
1610
1612
1616
1617
1622
1626
1629
1631
1634
1634
1634
1636
1637
1639
1642
1642
1645
1649
1651
1653
1653
1656
1661
1664
1664
1664
1669
1670
1672
1674
1679
1681
1683
1684
1689
1694
1695
1697
1698
1700
1701
1703
1708
1713
1717
1722
1726
1731
1733
1736
1737
1738
1741
1746
1750
1755
1759
1763
1763
1763
1767
1768
1773
1774
1776
1776
1780
1785
1788
1788
1790
1794
1796
1800
1802
1804
1809
1812
1812
1814
1815
1818
1819
1824
1824
1829
1834
1839
1839
1844
1846
1850
1855
1856
1861
1863
1863
1867
1872
1873
1875
1877
1879
1884
1888
1888
1892
1897
1900
1905
1908
1912
1915
1916
1919
1919
1923
1924
1924
1924
1927
1928
1931
1934
1936
1939
1940
1941
1942
1947
1948
1953
1954
1956
1958
1960
1963
1965
1967
1969
1971
1975
1976
1981
1983
1986
1987
1990
1992
1997
2000
2004
2008
2008
2009
2014
2018
2021
2022
2025
2028
2030
2031
2032
2034
2037
2042
2046
2046
2051
2053
2058
2062
2066
2067
2068
2068
2071
2076
2080
2080
2084
2086
2089
2090
2090
2091
2091
2096
2099
2099
2101
2106
2106
2110
2110
2114
2118
2121
2121
2124
2126
2128
2129
2129
2131
2132
2132
2133
2134
2139
2143
2146
2150
2152
2155
2158
2163
2164
2169
2173
2175
2176
2179
2183
2186
2190
2192
2197
2198
2199
2199
2203
2205
2208
2213
2218
2221
2222
2224
2228
2231
2232
2232
2232
2236
2240
2241
2243
2245
2246
2249
2251
2255
2255
2259
2261
2261
2263
2267
2269
2270
2270
