1000
1005
1005
1010
1011
1015
1018
1022
1025
1030
1031
1033
1037
1040
1040
1040
1041
1043
1043
1046
1047
1048
1050
1052
1053
1055
1058
1060
1062
1063
1067
1069
1073
1078
1083
1083
1087
1088
1090
1094
1094
1098
1098
1100
1102
1107
1112
1113
1116
1116
1119
1122
1125
1127
1128
1133
1138
1140
1145
1145
1147
1150
1154
1158
1162
1163
1168
1171
1176
1179
1181
1181
1183
1185
1186
1190
1193
1198
1200
1202
1202
1204
1206
1206
1210
1210
1213
1216
1218
1222
1224
1226
1226
1227
1230
1231
1236
1239
1244
1245
1249
1253
1253
1257
1260
1264
1264
1268
1268
1268
1273
1274
1278
1279
1280
1280
1285
1286
1289
1290
1292
1296
1298
1298
1300
1303
1306
1308
1311
1312
1316
1320
1325
1328
1330
1331
1335
1336
1337
1340
1345
1350
1355
1357
1360
1361
1362
1365
1366
1368
1368
1368
1372
1373
1377
1379
1383
1384
1384
1385
1390
1395
1400
1401
1402
1405
1407
1410
1413
1413
1414
1414
1416
1420
1420
1421
1421
1425
1428
1428
1429
1430
1431
1433
1433
1435
1438
1442
1447
1448
1451
1455
1460
1460
1464
1467
1470
1470
1475
1476
1478
1478
1479
1481
1486
1488
1489
1490
1491
1491
1492
1496
1501
1505
1507
1509
1511
1513
1518
1523
1523
1528
1530
1530
1535
1540
1542
1547
1549
1551
1556
1559
1560
1564
1565
1568
1572
1574
1575
1576
1581
1581
1582
1582
1582
1587
1587
1591
1591
1594
1598
1602
1607
1610
1610
1614
1617
1619
1620
1621
1623
1626
1630
1630
1630
1635
1638
1640
1645
1648
1650
1652
1654
1655
1660
1665
1667
1669
1674
1676
1676
1680
1680
1684
1686
1687
1691
1693
1695
1700
1702
1702
1703
1706
1708
1710
1712
1715
1720
1725
1725
1730
1731
1731
1736
1739
1741
1745
1746
1749
1753
1758
1761
1765
1765
1769
1769
1771
1775
1775
1778
1778
1781
1782
1785
1786
1791
1796
1796
1801
1802
1802
1806
1806
1810
1814
1815
1817
1819
1819
1823
1826
1830
1833
1833
1837
1839
1840
1844
1846
1846
1849
1851
1852
1855
1856
1856
1860
1863
1863
1865
1868
1871
1875
1879
1879
1883
1887
1889
1893
1894
1896
1898
1900
1905
1907
1908
1908
1908
1909
1913
1916
1920
1921
1922
1923
1927
1929
1934
1935
1936
1939
1942
1945
1950
1952
1954
1957
1959
1960
1961
1963
1967
1969
1974
1979
1981
1984
1987
1992
1993
1996
2001
2006
2008
2012
2015
2020
2023
2028
2031
2032
2036
2038
2039
2041
2043
2044
2049
2052
2055
2058
2062
2067
2068
2069
2071
2072
2073
2073
2078
2083
2086
2086
2086
2090
2091
2096
2096
2098
2099
2103
2103
2103
2105
2107
2108
2109
2112
2115
2116
2116
2118
2121
2123
2127
2132
2137
2142
2145
2147
2149
2149
2152
2153
2157
2162
2166
2168
2170
2174
2175
2179
2184
2187
2191
2195
2197
2198
2202
2203
2206
2206
2207
2208
2211
2213
2217
2220
2224
